16
0
1
2
3
4
22
6
7
8
26
10
11
12
13
14
32
18
19
20
36
5
38
24
40
9
42
28
29
30
46
15
48
17
33
34
52
21
37
23
56
25
41
27
60
44
45
31
49
50
66
35
53
54
55
39
57
58
59
43
76
62
78
47
80
64
65
51
84
68
69
70
71
72
90
74
75
61
94
63
96
82
83
67
85
86
102
88
89
73
106
92
93
77
95
79
112
81
114
98
99
100
118
87
103
104
122
91
107
108
109
110
128
97
130
116
132
101
119
120
136
105
123
124
125
126
142
111
144
113
129
115
148
117
133
134
135
121
154
138
156
140
141
127
145
146
147
131
149
150
151
152
168
137
170
139
172
158
159
143
176
160
161
162
180
164
165
166
167
153
169
155
188
157
173
174
192
178
179
163
196
182
183
184
185
186
187
171
189
190
206
175
208
177
193
194
212
181
214
198
199
200
218
202
203
204
222
191
224
210
226
195
228
197
230
216
232
201
234
220
236
205
238
207
240
209
242
211
227
213
246
215
248
217
233
219
252
221
237
223
241
225
243
244
245
229
247
231
249
250
251
235
253
254
255
239
