16
0
18
2
3
4
5
6
7
8
26
10
11
12
13
14
32
1
34
20
36
22
23
24
40
9
27
28
29
30
46
15
48
17
50
19
52
21
37
38
56
25
41
42
60
44
45
31
64
33
66
35
53
54
70
39
57
58
74
43
76
62
78
47
80
49
65
51
84
68
69
55
88
72
73
59
75
61
94
63
96
82
83
67
100
86
87
71
89
90
91
92
93
77
95
79
112
81
97
98
116
85
101
102
103
104
122
106
107
108
126
110
113
114
130
99
117
118
119
120
136
105
138
124
140
109
142
111
144
128
129
115
148
132
133
134
152
121
137
123
156
125
141
127
160
146
147
131
149
150
166
135
153
154
155
139
157
158
159
143
176
145
178
162
163
164
182
151
167
168
169
170
171
172
173
174
192
161
194
180
196
165
183
184
185
186
187
188
189
190
206
175
208
177
193
179
212
181
197
198
199
200
218
202
203
204
222
191
209
210
211
195
213
214
215
216
232
201
234
220
236
205
238
207
240
224
225
226
227
228
229
230
231
217
233
219
252
221
237
223
241
242
243
244
245
246
247
248
249
250
251
235
253
254
255
239
