16
0
1
2
3
4
5
6
7
8
26
10
11
12
13
14
32
18
19
20
21
22
38
24
25
9
42
28
44
30
31
15
48
17
50
34
35
36
54
23
39
40
41
27
60
29
45
46
64
33
66
52
68
37
55
56
57
58
74
43
61
62
78
47
80
49
82
51
84
53
69
70
71
72
90
59
75
76
94
63
81
65
98
67
85
86
87
88
104
73
91
92
93
77
110
79
112
96
97
83
116
100
101
102
103
89
105
106
124
108
109
95
128
114
115
99
117
118
119
120
121
122
138
107
140
126
142
111
144
113
129
130
148
132
133
134
152
136
154
123
139
125
158
127
145
146
162
131
164
150
166
135
168
137
155
156
157
141
174
143
176
160
178
147
163
149
182
151
167
153
186
170
188
172
173
159
192
161
179
180
181
165
183
184
185
169
202
171
204
190
191
175
208
177
193
194
212
196
197
198
199
200
201
187
203
189
222
206
224
210
226
195
228
214
215
216
217
218
219
220
221
205
238
207
240
209
242
211
227
213
229
230
231
232
233
234
235
236
237
223
241
225
243
244
245
246
247
248
249
250
251
252
253
254
255
239
